207
. -11.496777658088154 3.9567614970379053 2.1628483219575276
. -11.605064877066118 3.9555274242343863 3.485985847764216
. -11.713352096044082 3.954293351430868 4.8091233735709045
. -11.821639315022045 3.953059278627349 6.132260899377593
. -11.929926534000009 3.95182520582383 7.455398425184281
. -12.038213752977972 3.9505911330203114 8.77853595099097
. -12.146500971955936 3.9493570602167924 10.101673476797657
. -12.2547881909339 3.948122987413274 11.424811002604347
. -12.363075409911863 3.946888914609755 12.747948528411035
. -12.471362628889826 3.945654841806236 14.071086054217723
46065 -12.57964984786779 3.9444207690027175 15.394223580024411
. -12.687937066845754 3.9431866961991986 16.717361105831102
46066 -12.796224285823717 3.9419526233956796 18.04049863163779
46083 -12.90451150480168 3.940718550592161 19.363636157444475
. -13.012798723779643 3.939484477788642 20.686773683251168
. -13.121085942757606 3.9382504049851232 22.009911209057854
. -13.22937316173557 3.9370163321816047 23.33304873486454
. -13.337660380713533 3.935782259378086 24.656186260671234
. -13.445947599691497 3.9345481865745673 25.97932378647792
. -13.55423481866946 3.9333141137710483 27.302461312284606
. -13.662522037647424 3.9320800409675294 28.625598838091292
. -13.770809256625387 3.930845968164011 29.948736363897986
. -13.879096475603351 3.929611895360492 31.271873889704672
46001 -9.261522448913247 3.8300744374732525 1.9989212497532631
46016 -9.36980966789121 3.8288403646697335 3.3220587755599515
. -9.478096886869174 3.827606291866215 4.64519630136664
46017 -9.586384105847138 3.826372219062696 5.968333827173328
46032 -9.694671324825102 3.825138146259177 7.291471352980016
. -9.802958543803065 3.8239040734556586 8.614608878786704
46033 -9.911245762781029 3.8226700006521397 9.937746404593394
46048 -10.019532981758992 3.821435927848621 11.260883930400082
. -10.127820200736956 3.8202018550451022 12.58402145620677
46049 -10.23610741971492 3.8189677822415833 13.907158982013458
46064 -10.344394638692883 3.817733709438065 15.230296507820146
. -10.452681857670846 3.816499636634546 16.553434033626836
46067 -10.56096907664881 3.815265563831027 17.876571559433522
46082 -10.669256295626774 3.8140314910275084 19.199709085240215
. -10.777543514604737 3.8127974182239894 20.5228466110469
46084 -10.8858307335827 3.8115633454204705 21.845984136853588
46099 -10.994117952560664 3.810329272616952 23.16912166266028
. -11.102405171538628 3.809095199813433 24.492259188466967
46100 -11.210692390516591 3.8078611270099145 25.815396714273653
46115 -11.318979609494555 3.8066270542063956 27.138534240080347
. -11.427266828472519 3.8053929814028766 28.461671765887033
46116 -11.535554047450482 3.804158908599358 29.78480929169372
46131 -11.643841266428446 3.802924835795839 31.107946817500412
46002 -7.026267239738341 3.7033873779085997 1.8349941775489986
46015 -7.134554458716305 3.702153305105081 3.158131703355687
. -7.242841677694268 3.7009192323015623 4.4812692291623755
46018 -7.351128896672232 3.6996851594980433 5.804406754969063
46031 -7.459416115650195 3.6984510866945244 7.127544280775752
. -7.567703334628159 3.697217013891006 8.450681806582441
46034 -7.6759905536061215 3.695982941087487 9.77381933238913
46047 -7.784277772584085 3.694748868283968 11.096956858195819
. -7.892564991562049 3.6935147954804495 12.420094384002505
46050 -8.000852210540012 3.6922807226769305 13.743231909809195
46063 -8.109139429517976 3.691046649873412 15.066369435615881
. -8.21742664849594 3.689812577069893 16.38950696142257
46068 -8.325713867473903 3.688578504266374 17.712644487229262
46081 -8.434001086451866 3.6873444314628556 19.03578201303595
. -8.54228830542983 3.6861103586593367 20.358919538842635
46085 -8.650575524407794 3.6848762858558177 21.68205706464932
46098 -8.758862743385757 3.683642213052299 23.005194590456014
. -8.86714996236372 3.6824081402487803 24.3283321162627
46101 -8.975437181341684 3.6811740674452613 25.651469642069387
46114 -9.083724400319648 3.679939994641743 26.97460716787608
. -9.192011619297611 3.678705921838224 28.297744693682766
46117 -9.300298838275575 3.6774718490347054 29.620882219489452
46130 -9.408586057253538 3.6762377762311864 30.944019745296146
46003 -4.791012030563435 3.576700318343947 1.6710671053447341
46014 -4.899299249541398 3.575466245540428 2.9942046311514225
. -5.007586468519362 3.5742321727369095 4.3173421569581105
46019 -5.115873687497325 3.5729980999333906 5.640479682764799
46030 -5.224160906475289 3.5717640271298716 6.963617208571488
. -5.3324481254532525 3.570529954326353 8.286754734378176
46035 -5.440735344431216 3.569295881522834 9.609892260184864
46046 -5.54902256340918 3.568061808719315 10.933029785991554
. -5.657309782387143 3.5668277359157967 12.256167311798242
46051 -5.765597001365107 3.5655936631122778 13.57930483760493
46062 -5.87388422034307 3.564359590308759 14.902442363411618
. -5.982171439321033 3.5631255175052403 16.22557988921831
46069 -6.090458658298997 3.5618914447017214 17.548717415024996
46080 -6.19874587727696 3.560657371898203 18.871854940831682
. -6.307033096254924 3.559423299094684 20.194992466638375
46086 -6.415320315232887 3.558189226291165 21.51812999244506
46097 -6.523607534210851 3.5569551534876465 22.841267518251748
. -6.631894753188814 3.5557210806841275 24.16440504405844
46102 -6.740181972166778 3.5544870078806086 25.487542569865127
46113 -6.8484691911447415 3.55325293507709 26.810680095671813
. -6.956756410122705 3.552018862273571 28.1338176214785
46118 -7.065043629100668 3.550784789470052 29.456955147285193
46129 -7.173330848078631 3.5495507166665337 30.78009267309188
46004 -2.5557568213885276 3.450013258779294 1.5071400331404696
46013 -2.664044040366491 3.4487791859757753 2.830277558947158
. -2.7723312593444547 3.4475451131722563 4.1534150847538465
46020 -2.8806184783224182 3.446311040368738 5.476552610560535
46029 -2.988905697300382 3.445076967565219 6.799690136367223
. -3.0971929162783454 3.4438428947617004 8.122827662173911
46036 -3.205480135256309 3.4426088219581814 9.445965187980601
46045 -3.3137673542342725 3.4413747491546625 10.769102713787289
. -3.422054573212236 3.440140676351144 12.092240239593977
46052 -3.5303417921901996 3.438906603547625 13.415377765400665
46061 -3.638629011168163 3.4376725307441065 14.738515291207353
. -3.746916230146126 3.4364384579405876 16.061652817014043
46070 -3.8552034491240894 3.4352043851370686 17.38479034282073
46079 -3.963490668102053 3.4339703123335497 18.707927868627415
. -4.0717778870800165 3.432736239530031 20.03106539443411
46087 -4.18006510605798 3.431502166726512 21.354202920240795
46096 -4.288352325035944 3.4302680939229937 22.67734044604748
. -4.396639544013907 3.4290340211194748 24.000477971854174
46103 -4.504926762991871 3.427799948315956 25.32361549766086
46112 -4.613213981969834 3.4265658755124373 26.646753023467546
. -4.721501200947798 3.4253318027089183 27.969890549274233
46119 -4.829788419925761 3.4240977299054 29.293028075080926
46128 -4.938075638903724 3.422863657101881 30.616165600887612
46005 -0.3205016122136204 3.3233261992146415 1.3432129609362051
46012 -0.42878883119158395 3.3220921264111225 2.6663504867428935
. -0.5370760501695475 3.320858053607604 3.989488012549582
46021 -0.6453632691475111 3.319623980804085 5.31262553835627
46028 -0.7536504881254746 3.318389908000566 6.635763064162958
. -0.8619377071034382 3.317155835197047 7.958900589969646
46037 -0.9702249260814018 3.3159217623935286 9.282038115776336
46044 -1.0785121450593653 3.3146876895900097 10.605175641583024
. -1.1867993640373289 3.313453616786491 11.928313167389712
46053 -1.2950865830152924 3.3122195439829722 13.2514506931964
46060 -1.403373801993256 3.3109854711794533 14.574588219003088
. -1.5116610209712196 3.309751398375935 15.897725744809778
46071 -1.6199482399491831 3.308517325572416 17.220863270616466
46078 -1.7282354589271467 3.3072832527688973 18.544000796423155
. -1.8365226779051103 3.3060491799653784 19.86713832222984
46088 -1.9448098968830738 3.3048151071618594 21.190275848036528
46095 -2.0530971158610374 3.3035810343583405 22.51341337384322
. -2.161384334839001 3.302346961554822 23.836550899649907
46104 -2.2696715538169645 3.301112888751303 25.159688425456594
46111 -2.377958772794928 3.2998788159477845 26.482825951263287
. -2.4862459917728916 3.2986447431442656 27.805963477069973
46120 -2.5945332107508534 3.2974106703407466 29.12910100287666
46127 -2.702820429728817 3.296176597537228 30.452238528683353
46006 1.914753596961285 3.1966391396499887 1.1792858887319406
46011 1.8064663779833214 3.1954050668464697 2.502423414538629
. 1.6981791590053579 3.194170994042951 3.8255609403453175
46022 1.5898919400273943 3.192936921239432 5.148698466152005
46027 1.4816047210494308 3.1917028484359133 6.471835991958694
. 1.3733175020714672 3.1904687756323944 7.794973517765382
46038 1.2650302830935036 3.189234702828876 9.118111043572071
46043 1.15674306411554 3.188000630025357 10.44124856937876
. 1.0484558451375765 3.186766557221838 11.764386095185449
46054 0.9401686261596129 3.1855324844183195 13.087523620992135
46059 0.8318814071816494 3.1842984116148005 14.410661146798825
. 0.7235941882036858 3.183064338811282 15.733798672605515
46072 0.6153069692257223 3.181830266007763 17.056936198412203
46077 0.5070197502477587 3.180596193204244 18.38007372421889
. 0.39873253126979513 3.179362120400725 19.703211250025582
46089 0.29044531229183157 3.1781280475972067 21.02634877583227
46094 0.182158093313868 3.1768939747936877 22.349486301638954
. 0.07387087433590445 3.1756599019901692 23.672623827445648
46105 -0.034416344642059116 3.1744258291866503 24.995761353252334
46110 -0.14270356362002268 3.1731917563831313 26.31889887905902
. -0.25099078259798624 3.171957683579613 27.642036404865706
46121 -0.359278001575948 3.170723610776094 28.9651739306724
46126 -0.4675652205539116 3.1694895379725754 30.288311456479086
46007 4.150008806136192 3.0699520800853355 1.0153588165276761
46010 4.041721587158229 3.068718007281817 2.3384963423343645
. 3.933434368180265 3.067483934478298 3.661633868141053
46023 3.8251471492023015 3.0662498616747795 4.984771393947741
46026 3.716859930224338 3.0650157888712606 6.30790891975443
. 3.6085727112463744 3.0637817160677416 7.631046445561118
46039 3.500285492268411 3.062547643264223 8.954183971367806
46042 3.3919982732904472 3.061313570460704 10.277321497174496
. 3.2837110543124837 3.0600794976571857 11.600459022981184
46055 3.17542383533452 3.0588454248536667 12.923596548787872
46058 3.0671366163565565 3.057611352050148 14.24673407459456
. 2.958849397378593 3.056377279246629 15.56987160040125
46073 2.8505621784006294 3.0551432064431103 16.893009126207936
46076 2.742274959422666 3.0539091336395914 18.216146652014622
. 2.633987740444704 3.052675060836073 19.539284177821315
46090 2.5257005214667405 3.051440988032554 20.862421703628
46093 2.417413302488777 3.050206915229035 22.185559229434688
. 2.3091260835108134 3.0489728424255165 23.50869675524138
46106 2.20083886453285 3.0477387696219975 24.831834281048067
46109 2.0925516455548863 3.046504696818479 26.154971806854753
. 1.9842644265769227 3.04527062401496 27.47810933266144
46122 1.8759772075989591 3.044036551211441 28.801246858468133
46125 1.7676899886209956 3.042802478407922 30.12438438427482
46008 6.385264015311099 2.943265020520683 0.8514317443234116
46009 6.276976796333136 2.9420309477171642 2.1745692701301
. 6.168689577355172 2.9407968749136453 3.4977067959367885
46024 6.060402358377209 2.9395628021101263 4.820844321743477
46025 5.952115139399245 2.938328729306608 6.143981847550165
. 5.8438279204212815 2.9370946565030893 7.467119373356853
46040 5.735540701443318 2.9358605836995704 8.790256899163541
46041 5.627253482465354 2.9346265108960514 10.113394424970231
. 5.518966263487391 2.9333924380925325 11.436531950776919
46056 5.410679044509427 2.932158365289014 12.759669476583607
46057 5.302391825531464 2.930924292485495 14.082807002390295
. 5.1941046065535 2.9296902196819765 15.405944528196985
46074 5.085817387575537 2.9284561468784576 16.729082054003673
46075 4.977530168597573 2.9272220740749386 18.052219579810362
. 4.8692429496196095 2.9259880012714197 19.37535710561705
46091 4.760955730641646 2.924753928467901 20.698494631423735
46092 4.652668511663682 2.9235198556643827 22.021632157230428
. 4.544381292685719 2.9222857828608637 23.344769683037114
46107 4.436094073707755 2.9210517100573448 24.6679072088438
46108 4.327806854729792 2.919817637253826 25.991044734650494
. 4.219519635751828 2.9185835644503073 27.31418226045718
46123 4.111232416773866 2.9173494916467884 28.637319786263866
46124 4.002945197795903 2.91611541884327 29.96045731207056
