207
. 9.647860571104362 0.7513554780432133 -1.9586208243375276
. 9.238918180857508 0.7699968008403331 -2.0275435603716034
. 8.829975790610654 0.7886381236374529 -2.096466296405679
47017 8.4210334003638 0.8072794464345726 -2.1653890324397547
47034 8.012091010116947 0.8259207692316924 -2.2343117684738303
. 7.603148619870092 0.8445620920288122 -2.303234504507906
47035 7.194206229623239 0.863203414825932 -2.3721572405419815
47052 6.785263839376385 0.8818447376230517 -2.441079976576057
. 6.376321449129531 0.9004860604201715 -2.5100027126101327
47053 5.967379058882677 0.9191273832172913 -2.578925448644209
47070 5.558436668635823 0.9377687060144111 -2.6478481846782844
. 5.1494942783889694 0.9564100288115308 -2.71677092071236
47071 4.740551888142115 0.9750513516086505 -2.7856936567464357
47088 4.331609497895261 0.9936926744057704 -2.8546163927805113
. 3.922667107648408 1.0123339972028902 -2.923539128814587
. 3.513724717401554 1.0309753200000098 -2.9924618648486625
. 3.1047823271547 1.0496166427971296 -3.0613846008827386
. 2.695839936907846 1.0682579655942495 -3.1303073369168137
. 2.2868975466609918 1.0868992883913693 -3.19923007295089
. 1.8779551564141386 1.1055406111884891 -3.2681528089849654
. 1.4690127661672836 1.1241819339856087 -3.337075545019041
. 1.0600703759204304 1.1428232567827286 -3.4059982810531166
. 0.6511279856735772 1.1614645795798484 -3.4749210170871923
47001 9.73058947495434 0.7461819409725994 -1.3154780507371575
47016 9.321647084707486 0.7648232637697192 -1.3844007867712331
. 8.912704694460633 0.7834645865668389 -1.453323522805309
47018 8.503762304213778 0.8021059093639588 -1.5222462588393846
47033 8.094819913966925 0.8207472321610785 -1.5911689948734602
. 7.6858775237200705 0.8393885549581983 -1.6600917309075358
47036 7.276935133473216 0.858029877755318 -1.7290144669416114
47051 6.867992743226363 0.8766712005524377 -1.7979372029756873
. 6.459050352979508 0.8953125233495576 -1.8668599390097629
47054 6.050107962732655 0.9139538461466774 -1.9357826750438385
47069 5.641165572485801 0.9325951689437971 -2.0047054110779143
. 5.232223182238948 0.9512364917409168 -2.07362814711199
47072 4.823280791992094 0.9698778145380367 -2.1425508831460656
47087 4.41433840174524 0.9885191373351564 -2.211473619180141
. 4.005396011498386 1.0071604601322761 -2.280396355214217
47089 3.5964536212515323 1.025801782929396 -2.349319091248293
47104 3.1875112310046783 1.0444431057265158 -2.418241827282368
. 2.778568840757824 1.0630844285236356 -2.487164563316444
47105 2.36962645051097 1.0817257513207552 -2.5560872993505193
47120 1.960684060264117 1.100367074117875 -2.6250100353845953
. 1.551741670017261 1.1190083969149949 -2.693932771418671
47121 1.1427992797704078 1.1376497197121145 -2.7628555074527466
47136 0.7338568895235547 1.1562910425092343 -2.8317782434868226
47002 9.813318378804318 0.7410084039019854 -0.6723352771367874
47015 9.404375988557463 0.7596497266991052 -0.741258013170863
. 8.99543359831061 0.778291049496225 -0.8101807492049387
47019 8.586491208063755 0.7969323722933448 -0.8791034852390145
47032 8.177548817816902 0.8155736950904645 -0.9480262212730901
. 7.768606427570049 0.8342150178875843 -1.0169489573071657
47037 7.359664037323195 0.8528563406847041 -1.0858716933412413
47050 6.950721647076341 0.8714976634818239 -1.1547944293753172
. 6.5417792568294875 0.8901389862789436 -1.2237171654093928
47055 6.1328368665826325 0.9087803090760634 -1.2926399014434684
47068 5.723894476335779 0.9274216318731832 -1.3615626374775442
. 5.314952086088925 0.946062954670303 -1.4304853735116199
47073 4.906009695842071 0.9647042774674227 -1.4994081095456955
47086 4.497067305595217 0.9833456002645424 -1.568330845579771
. 4.088124915348364 1.0019869230616623 -1.6372535816138467
47090 3.67918252510151 1.020628245858782 -1.7061763176479225
47103 3.2702401348546557 1.039269568655902 -1.7750990536819982
. 2.8612977446078016 1.0579108914530215 -1.8440217897160738
47106 2.4523553543609475 1.0765522142501414 -1.9129445257501494
47119 2.0434129641140943 1.0951935370472612 -1.9818672617842252
. 1.6344705738672403 1.1138348598443808 -2.050789997818301
47122 1.225528183620387 1.1324761826415006 -2.1197127338523765
47135 0.8165857933735339 1.1511175054386205 -2.188635469886452
47003 9.896047282654296 0.7358348668313716 -0.029192503536417336
47014 9.487104892407443 0.7544761896284913 -0.09811523957049295
. 9.078162502160588 0.7731175124256111 -0.16703797560456857
47020 8.669220111913734 0.7917588352227308 -0.2359607116386444
47031 8.260277721666881 0.8104001580198507 -0.30488344767272
. 7.851335331420026 0.8290414808169704 -0.37380618370679564
47038 7.442392941173173 0.8476828036140902 -0.4427289197408715
47049 7.033450550926319 0.8663241264112099 -0.5116516557749471
. 6.624508160679465 0.8849654492083296 -0.5805743918090227
47056 6.215565770432611 0.9036067720054495 -0.6494971278430983
47067 5.806623380185757 0.9222480948025693 -0.7184198638771739
. 5.3976809899389036 0.940889417599689 -0.7873425999112498
47074 4.9887385996920495 0.9595307403968087 -0.8562653359453254
47085 4.579796209445195 0.9781720631939286 -0.925188071979401
. 4.170853819198342 0.9968133859910483 -0.9941108080134767
47091 3.761911428951488 1.015454708788168 -1.0630335440475525
47102 3.352969038704634 1.0340960315852878 -1.131956280081628
. 2.94402664845778 1.0527373543824077 -1.2008790161157037
47107 2.535084258210926 1.0713786771795273 -1.2698017521497793
47118 2.1261418679640727 1.0900199999766471 -1.3387244881838551
. 1.7171994777172177 1.108661322773767 -1.4076472242179308
47123 1.3082570874703645 1.1273026455708868 -1.4765699602520064
47134 0.8993146972235113 1.1459439683680066 -1.5454926962860822
47004 9.978776186504273 0.7306613297607576 0.6139502700639528
47013 9.56983379625742 0.7493026525578773 0.5450275340298771
. 9.160891406010567 0.7679439753549971 0.4761047979958015
47021 8.751949015763712 0.7865852981521169 0.4071820619617259
47030 8.343006625516859 0.8052266209492367 0.3382593259276503
. 7.934064235270005 0.8238679437463564 0.26933658989357423
47039 7.5251218450231505 0.8425092665434762 0.20041385385949861
47048 7.116179454776297 0.861150589340596 0.131491117825423
. 6.707237064529443 0.8797919121377158 0.06256838179134738
47057 6.298294674282589 0.8984332349348355 -0.006354354242728233
47066 5.889352284035735 0.9170745577319553 -0.07527709027680385
. 5.480409893788882 0.9357158805290751 -0.1441998263108797
47075 5.071467503542028 0.9543572033261949 -0.2131225623449553
47084 4.662525113295174 0.9729985261233146 -0.2820452983790309
. 4.2535827230483205 0.9916398489204343 -0.35096803441310676
47092 3.8446403328014664 1.0102811717175542 -0.41989077044718237
47101 3.4356979425546124 1.028922494514674 -0.488813506481258
. 3.0267555523077583 1.0475638173117936 -0.5577362425153336
47108 2.617813162060904 1.0662051401089134 -0.6266589785494092
47117 2.208870771814051 1.0848464629060333 -0.6955817145834851
. 1.799928381567196 1.103487785703153 -0.7645044506175607
47124 1.390985991320342 1.122129108500273 -0.8334271866516363
47133 0.9820436010734888 1.1407704312973925 -0.9023499226857121
47005 10.061505090354252 0.7254877926901436 1.2570930436643228
47012 9.652562700107397 0.7441291154872635 1.1881703076302472
. 9.243620309860544 0.7627704382843832 1.1192475715961716
47022 8.834677919613691 0.781411761081503 1.050324835562096
47029 8.425735529366836 0.8000530838786227 0.9814020995280199
. 8.016793139119983 0.8186944066757426 0.9124793634939443
47040 7.607850748873129 0.8373357294728623 0.8435566274598687
47047 7.198908358626275 0.8559770522699821 0.7746338914257931
. 6.789965968379422 0.8746183750671018 0.7057111553917175
47058 6.381023578132567 0.8932596978642215 0.6367884193576419
47065 5.972081187885713 0.9119010206613414 0.5678656833235662
. 5.563138797638859 0.9305423434584612 0.4989429472894902
47076 5.154196407392005 0.9491836662555809 0.430020211255415
47083 4.745254017145151 0.9678249890527006 0.36109747522133895
. 4.336311626898298 0.9864663118498205 0.29217473918726333
47093 3.927369236651444 1.00510763464694 0.22325200315318772
47100 3.51842684640459 1.02374895744406 0.1543292671191121
. 3.1094844561577357 1.0423902802411797 0.08540653108503649
47109 2.7005420659108816 1.0610316030382996 0.01648379505096087
47116 2.2915996756640284 1.0796729258354194 -0.05243894098311497
. 1.8826572854171735 1.098314248632539 -0.12136167701719058
47125 1.4737148951703212 1.1169555714296588 -0.1902844130512662
47132 1.064772504923468 1.1355968942267787 -0.25920714908534204
47006 10.14423399420423 0.7203142556195297 1.900235817264693
47011 9.735291603957377 0.7389555784166495 1.8313130812306173
. 9.326349213710522 0.7575969012137692 1.7623903451965417
47023 8.917406823463669 0.776238224010889 1.693467609162466
47028 8.508464433216815 0.7948795468080088 1.6245448731283905
. 8.09952204296996 0.8135208696051286 1.5556221370943144
47041 7.690579652723107 0.8321621924022483 1.4866994010602388
47046 7.281637262476253 0.8508035151993681 1.4177766650261632
. 6.872694872229399 0.8694448379964879 1.3488539289920876
47059 6.463752481982545 0.8880861607936077 1.279931192958012
47064 6.054810091735691 0.9067274835907274 1.2110084569239363
. 5.645867701488838 0.9253688063878472 1.1420857208898607
47077 5.236925311241984 0.944010129184967 1.0731629848557847
47082 4.8279829209951295 0.9626514519820868 1.0042402488217095
. 4.419040530748276 0.9812927747792065 0.9353175127876334
47094 4.010098140501422 0.9999340975763262 0.8663947767535578
47099 3.601155750254568 1.018575420373446 0.7974720407194822
. 3.192213360007714 1.037216743170566 0.7285493046854066
47110 2.78327096976086 1.0558580659676857 0.659626568651331
47115 2.3743285795140068 1.0744993887648053 0.5907038326172549
. 1.9653861892671518 1.0931407115619252 0.5217810965831797
47126 1.5564437990202986 1.111782034359045 0.45285836054910367
47131 1.1475014087734454 1.1304233571561646 0.38393562451502805
47007 10.226962898054207 0.7151407185489158 2.5433785908650623
47010 9.818020507807354 0.7337820413460355 2.4744558548309863
. 9.409078117560501 0.7524233641431554 2.405533118796911
47024 9.000135727313646 0.7710646869402751 2.336610382762835
47027 8.591193337066793 0.7897060097373949 2.26768764672876
. 8.182250946819938 0.8083473325345146 2.198764910694684
47042 7.773308556573085 0.8269886553316343 2.1298421746606087
47045 7.364366166326231 0.8456299781287542 2.0609194386265326
. 6.955423776079377 0.864271300925874 1.9919967025924572
47060 6.546481385832523 0.8829126237229937 1.9230739665583816
47063 6.137538995585669 0.9015539465201134 1.854151230524306
. 5.728596605338816 0.9201952693172333 1.7852284944902304
47078 5.319654215091962 0.938836592114353 1.7163057584561543
47081 4.910711824845108 0.9574779149114728 1.6473830224220791
. 4.501769434598255 0.9761192377085925 1.578460286388003
47095 4.0928270443514005 0.9947605605057124 1.5095375503539274
47098 3.6838846541045465 1.0134018833028322 1.4406148143198518
. 3.2749422638576924 1.0320432060999518 1.3716920782857762
47111 2.8659998736108383 1.0506845288970716 1.3027693422517006
47114 2.457057483363985 1.0693258516941915 1.2338466062176245
. 2.04811509311713 1.087967174491311 1.1649238701835494
47127 1.639172702870276 1.106608497288431 1.0960011341494733
47130 1.2302303126234229 1.1252498200855507 1.0270783981153977
47008 10.309691801904187 0.7099671814783018 3.186521364465433
47009 9.900749411657332 0.7286085042754216 3.117598628431357
. 9.491807021410478 0.7472498270725414 3.0486758923972817
47025 9.082864631163625 0.7658911498696611 2.9797531563632056
47026 8.67392224091677 0.784532472666781 2.9108304203291304
. 8.264979850669917 0.8031737954639007 2.8419076842950544
47043 7.856037460423063 0.8218151182610205 2.772984948260979
47044 7.447095070176209 0.8404564410581402 2.704062212226903
. 7.038152679929356 0.85909776385526 2.635139476192828
47061 6.629210289682501 0.8777390866523798 2.566216740158752
47062 6.2202678994356475 0.8963804094494996 2.497294004124676
. 5.811325509188794 0.9150217322466193 2.4283712680906007
47079 5.402383118941939 0.933663055043739 2.3594485320565246
47080 4.993440728695086 0.9523043778408589 2.2905257960224494
. 4.584498338448233 0.9709457006379787 2.2216030599883734
47096 4.175555948201378 0.9895870234350984 2.152680323954298
47097 3.766613557954525 1.0082283462322181 2.083757587920222
. 3.35767116770767 1.026869669029338 2.014834851886147
47112 2.9487287774608166 1.0455109918264578 1.9459121158520711
47113 2.5397863872139634 1.0641523146235774 1.876989379817995
. 2.1308439969671085 1.0827936374206972 1.80806664378392
47128 1.7219016067202553 1.101434960217817 1.7391439077498438
47129 1.312959216473402 1.120076283014937 1.6702211717157682
