207
. -4.434724003482835 3.849551697723456 -21.898997692042858
. -6.72559389740934 3.7969283900895645 -21.875451045750456
. -9.016463791335845 3.744305082455673 -21.85190439945805
47017 -11.30733368526235 3.691681774821782 -21.828357753165648
47034 -13.598203579188855 3.6390584671878905 -21.80481110687324
. -15.88907347311536 3.586435159553999 -21.78126446058084
47035 -18.179943367041865 3.533811851920108 -21.757717814288437
47052 -20.47081326096837 3.4811885442862165 -21.73417116799603
. -22.761683154894875 3.428565236652325 -21.71062452170363
47053 -25.05255304882138 3.375941929018434 -21.687077875411223
47070 -27.343422942747885 3.3233186213845425 -21.66353122911882
. -29.63429283667439 3.270695313750651 -21.63998458282642
47071 -31.925162730600896 3.21807200611676 -21.616437936534012
47088 -34.2160326245274 3.1654486984828685 -21.59289129024161
. -36.506902518453906 3.112825390848977 -21.569344643949204
. -38.79777241238041 3.060202083215086 -21.545797997656802
. -41.088642306306916 3.0075787755811945 -21.5222513513644
. -43.37951220023342 2.954955467947303 -21.498704705071994
. -45.670382094159926 2.902332160313412 -21.47515805877959
. -47.96125198808643 2.8497088526795205 -21.451611412487186
. -50.252121882012936 2.797085545045629 -21.428064766194783
. -52.54299177593944 2.744462237411738 -21.40451811990238
. -54.83386166986595 2.6918389297778464 -21.380971473609975
47001 -4.368730617566729 3.762777849287055 -18.026781657678143
47016 -6.659600511493234 3.710154541653164 -18.00323501138574
. -8.95047040541974 3.6575312340192725 -17.979688365093335
47018 -11.241340299346245 3.604907926385381 -17.956141718800932
47033 -13.53221019327275 3.55228461875149 -17.932595072508526
. -15.823080087199255 3.4996613111175985 -17.909048426216124
47036 -18.11394998112576 3.447038003483707 -17.88550177992372
47051 -20.404819875052265 3.394414695849816 -17.861955133631316
. -22.69568976897877 3.3417913882159245 -17.838408487338913
47054 -24.986559662905275 3.289168080582033 -17.814861841046508
47069 -27.27742955683178 3.236544772948142 -17.791315194754105
. -29.568299450758285 3.1839214653142505 -17.767768548461703
47072 -31.85916934468479 3.131298157680359 -17.744221902169297
47087 -34.1500392386113 3.078674850046468 -17.720675255876895
. -36.4409091325378 3.0260515424125765 -17.69712860958449
47089 -38.7317790264643 2.973428234778685 -17.673581963292087
47104 -41.02264892039081 2.920804927144794 -17.650035316999684
. -43.31351881431731 2.8681816195109024 -17.62648867070728
47105 -45.60438870824382 2.815558311877011 -17.602942024414876
47120 -47.89525860217032 2.7629350042431198 -17.57939537812247
. -50.18612849609683 2.710311696609228 -17.555848731830068
47121 -52.47699839002333 2.6576883889753367 -17.532302085537665
47136 -54.76786828394984 2.6050650813414453 -17.50875543924526
47002 -4.302737231650623 3.6760040008506545 -14.154565623313427
47015 -6.593607125577128 3.623380693216763 -14.131018977021021
. -8.884477019503633 3.570757385582872 -14.10747233072862
47019 -11.175346913430138 3.5181340779489805 -14.083925684436215
47032 -13.466216807356643 3.465510770315089 -14.060379038143811
. -15.757086701283148 3.412887462681198 -14.036832391851409
47037 -18.047956595209655 3.3602641550473065 -14.013285745559003
47050 -20.33882648913616 3.307640847413415 -13.9897390992666
. -22.629696383062665 3.255017539779524 -13.966192452974196
47055 -24.92056627698917 3.2023942321456325 -13.942645806681792
47068 -27.211436170915675 3.149770924511741 -13.91909916038939
. -29.50230606484218 3.09714761687785 -13.895552514096986
47073 -31.793175958768686 3.0445243092439584 -13.872005867804582
47086 -34.08404585269519 2.991901001610067 -13.848459221512178
. -36.374915746621696 2.9392776939761758 -13.824912575219773
47090 -38.6657856405482 2.8866543863422844 -13.801365928927371
47103 -40.956655534474706 2.834031078708393 -13.777819282634967
. -43.24752542840121 2.7814077710745018 -13.754272636342563
47106 -45.538395322327716 2.7287844634406104 -13.730725990050159
47119 -47.82926521625422 2.676161155806719 -13.707179343757755
. -50.120135110180726 2.6235378481728278 -13.683632697465352
47122 -52.41100500410723 2.5709145405389364 -13.660086051172948
47135 -54.701874898033736 2.518291232905045 -13.636539404880544
47003 -4.236743845734517 3.5892301524142542 -10.28234958894871
47014 -6.527613739661022 3.536606844780363 -10.258802942656306
. -8.818483633587526 3.4839835371464716 -10.235256296363902
47020 -11.109353527514031 3.4313602295125802 -10.2117096500715
47031 -13.400223421440538 3.378736921878689 -10.188163003779096
. -15.691093315367043 3.3261136142447976 -10.164616357486691
47038 -17.981963209293546 3.2734903066109062 -10.141069711194287
47049 -20.27283310322005 3.220866998977015 -10.117523064901883
. -22.563702997146557 3.1682436913431236 -10.093976418609481
47056 -24.85457289107306 3.115620383709232 -10.070429772317077
47067 -27.145442784999567 3.0629970760753404 -10.046883126024673
. -29.436312678926072 3.010373768441449 -10.023336479732269
47074 -31.727182572852577 2.9577504608075578 -9.999789833439864
47085 -34.01805246677908 2.9051271531736664 -9.976243187147462
. -36.30892236070559 2.852503845539775 -9.952696540855058
47091 -38.59979225463209 2.7998805379058838 -9.929149894562654
47102 -40.8906621485586 2.7472572302719924 -9.90560324827025
. -43.1815320424851 2.694633922638101 -9.882056601977846
47107 -45.47240193641161 2.6420106150042098 -9.858509955685443
47118 -47.76327183033811 2.5893873073703184 -9.83496330939304
. -50.05414172426462 2.536763999736427 -9.811416663100635
47123 -52.34501161819112 2.4841406921025357 -9.787870016808231
47134 -54.63588151211763 2.4315173844686444 -9.764323370515829
47004 -4.170750459818411 3.5024563039778536 -6.410133554583995
47013 -6.461620353744916 3.4498329963439622 -6.386586908291591
. -8.752490247671421 3.397209688710071 -6.363040261999187
47021 -11.043360141597926 3.344586381076179 -6.339493615706784
47030 -13.334230035524431 3.291963073442288 -6.31594696941438
. -15.625099929450936 3.2393397658083964 -6.292400323121976
47039 -17.91596982337744 3.186716458174505 -6.268853676829572
47048 -20.206839717303946 3.1340931505406138 -6.245307030537168
. -22.49770961123045 3.0814698429067224 -6.2217603842447655
47057 -24.788579505156957 3.028846535272831 -6.198213737952361
47066 -27.07944939908346 2.9762232276389398 -6.174667091659957
. -29.370319293009967 2.9235999200050484 -6.151120445367553
47075 -31.661189186936472 2.870976612371157 -6.127573799075149
47084 -33.95205908086298 2.8183533047372658 -6.104027152782747
. -36.24292897478948 2.7657299971033744 -6.080480506490343
47092 -38.53379886871599 2.713106689469483 -6.056933860197939
47101 -40.824668762642496 2.6604833818355917 -6.0333872139055345
. -43.115538656569 2.6078600742017004 -6.00984056761313
47108 -45.406408550495506 2.555236766567809 -5.986293921320728
47117 -47.69727844442201 2.5026134589339177 -5.962747275028324
. -49.988148338348516 2.4499901513000264 -5.93920062873592
47124 -52.27901823227502 2.397366843666135 -5.915653982443516
47133 -54.569888126201526 2.3447435360322437 -5.892107336151113
47005 -4.104757073902305 3.415682455541453 -2.5379175202192776
47012 -6.39562696782881 3.3630591479075616 -2.5143708739268753
. -8.686496861755316 3.31043584027367 -2.4908242276344694
47022 -10.977366755681821 3.257812532639779 -2.467277581342067
47029 -13.268236649608326 3.2051892250058875 -2.443730935049661
. -15.559106543534831 3.152565917371996 -2.420184288757259
47040 -17.849976437461336 3.099942609738105 -2.3966376424648566
47047 -20.14084633138784 3.0473193021042135 -2.3730909961724507
. -22.431716225314347 2.994695994470322 -2.3495443498800483
47058 -24.72258611924085 2.942072686836431 -2.3259977035876425
47065 -27.013456013167357 2.8894493792025395 -2.30245105729524
. -29.30432590709386 2.836826071568648 -2.278904411002838
47076 -31.595195801020367 2.784202763934757 -2.255357764710432
47083 -33.88606569494687 2.7315794563008655 -2.2318111184180296
. -36.17693558887338 2.678956148666974 -2.2082644721256237
47093 -38.46780548279988 2.626332841033083 -2.1847178258332214
47100 -40.75867537672639 2.5737095333991915 -2.161171179540819
. -43.04954527065289 2.5210862257653 -2.137624533248413
47109 -45.3404151645794 2.468462918131409 -2.114077886956011
47116 -47.6312850585059 2.4158396104975175 -2.090531240663605
. -49.92215495243241 2.3632163028636257 -2.0669845943712026
47125 -52.21302484635891 2.3105929952297344 -2.0434379480788003
47132 -54.50389474028542 2.257969687595843 -2.0198913017863944
47006 -4.038763687986199 3.328908607105052 1.3342985141454378
47011 -6.329633581912704 3.276285299471161 1.35784516043784
. -8.62050347583921 3.2236619918372695 1.381391806730246
47023 -10.911373369765714 3.171038684203378 1.4049384530226483
47028 -13.20224326369222 3.118415376569487 1.4284850993150542
. -15.493113157618724 3.0657920689355955 1.4520317456074565
47041 -17.783983051545228 3.013168761301704 1.4755783918998588
47046 -20.074852945471733 2.960545453667813 1.4991250381922647
. -22.36572283939824 2.9079221460339215 1.522671684484667
47059 -24.656592733324747 2.85529883840003 1.546218330777073
47064 -26.94746262725125 2.802675530766139 1.5697649770694753
. -29.238332521177757 2.7500522231322475 1.5933116233618776
47077 -31.529202415104262 2.697428915498356 1.6168582696542835
47082 -33.82007230903076 2.644805607864465 1.6404049159466858
. -36.110942202957276 2.5921823002305735 1.6639515622390917
47094 -38.40181209688377 2.539558992596682 1.687498208531494
47099 -40.69268199081028 2.486935684962791 1.7110448548238963
. -42.983551884736784 2.4343123773288995 1.7345915011163022
47110 -45.27442177866329 2.381689069695008 1.7581381474087046
47115 -47.565291672589794 2.329065762061117 1.7816847937011104
. -49.8561615665163 2.276442454427225 1.8052314399935128
47126 -52.147031460442804 2.2238191467933337 1.828778086285915
47131 -54.43790135436931 2.1711958391594424 1.852324732578321
47007 -3.972770302070093 3.2421347586686515 5.206514548510153
47010 -6.263640195996598 3.18951145103476 5.2300611948025555
. -8.554510089923102 3.136888143400869 5.253607841094961
47024 -10.845379983849607 3.0842648357669775 5.277154487387364
47027 -13.136249877776114 3.031641528133086 5.30070113367977
. -15.42711977170262 2.979018220499195 5.324247779972172
47042 -17.717989665629126 2.9263949128653035 5.347794426264574
47045 -20.00885955955563 2.873771605231412 5.37134107255698
. -22.299729453482133 2.821148297597521 5.3948877188493825
47060 -24.590599347408638 2.7685249899636295 5.418434365141788
47063 -26.881469241335143 2.715901682329738 5.441981011434191
. -29.172339135261648 2.663278374695847 5.465527657726593
47078 -31.463209029188153 2.6106550670619555 5.489074304018999
47081 -33.75407892311466 2.558031759428064 5.512620950311401
. -36.04494881704116 2.505408451794173 5.536167596603807
47095 -38.33581871096767 2.4527851441602815 5.559714242896209
47098 -40.62668860489418 2.40016183652639 5.583260889188612
. -42.91755849882068 2.347538528892499 5.606807535481018
47111 -45.20842839274719 2.2949152212586075 5.63035418177342
47114 -47.49929828667369 2.242291913624716 5.653900828065826
. -49.7901681806002 2.189668605990825 5.677447474358228
47127 -52.0810380745267 2.1370452983569335 5.7009941206506305
47130 -54.37190796845321 2.084421990723042 5.724540766943036
47008 -3.906776916153987 3.155360910232251 9.078730582874869
47009 -6.197646810080492 3.1027376025983595 9.102277229167271
. -8.488516704006997 3.050114294964468 9.125823875459677
47025 -10.779386597933502 2.997490987330577 9.149370521752079
47026 -13.070256491860007 2.9448676796966855 9.172917168044485
. -15.361126385786513 2.892244372062794 9.196463814336887
47043 -17.651996279713018 2.839621064428903 9.22001046062929
47044 -19.942866173639523 2.7869977567950115 9.243557106921696
. -22.233736067566028 2.73437444916112 9.267103753214098
47061 -24.524605961492533 2.681751141527229 9.290650399506504
47062 -26.815475855419038 2.6291278338933375 9.314197045798906
. -29.106345749345543 2.576504526259446 9.337743692091308
47079 -31.397215643272048 2.523881218625555 9.361290338383714
47080 -33.68808553719855 2.4712579109916635 9.384836984676117
. -35.97895543112506 2.418634603357772 9.408383630968522
47096 -38.26982532505156 2.366011295723881 9.431930277260925
47097 -40.56069521897807 2.3133879880899895 9.455476923553327
. -42.851565112904574 2.260764680456098 9.479023569845733
47112 -45.14243500683108 2.208141372822207 9.502570216138135
47113 -47.433304900757584 2.1555180651883155 9.526116862430541
. -49.72417479468409 2.102894757554424 9.549663508722944
47128 -52.015044688610594 2.050271449920533 9.573210155015346
47129 -54.3059145825371 1.9976481422866414 9.596756801307752
